county,state_name,county_fips_code,never,rarely,sometimes,frequently,always
Lincoln,Kansas,20105,0.171,0.132,0.16,0.163,0.375
Bowie,Texas,48037,0.058,0.134,0.114,0.221,0.473
Boyd,Kentucky,21019,0.084,0.125,0.202,0.235,0.354
Mason,West Virginia,54053,0.081,0.095,0.195,0.149,0.481
Otoe,Nebraska,31131,0.11,0.097,0.09,0.275,0.428
Covington,Mississippi,28031,0.11,0.105,0.085,0.193,0.506
Lyon,Iowa,19119,0.078,0.173,0.157,0.247,0.344
Parmer,Texas,48369,0.033,0.081,0.089,0.277,0.521
Benzie,Michigan,26019,0.01,0.049,0.062,0.164,0.715
Suffolk,New York,36103,0.04,0.019,0.053,0.106,0.782
Haywood,North Carolina,37087,0.077,0.039,0.03,0.188,0.666
Clark,Missouri,29045,0.154,0.138,0.165,0.223,0.32
Ogle,Illinois,17141,0.053,0.045,0.129,0.184,0.589
Summers,West Virginia,54089,0.053,0.104,0.166,0.111,0.567
Jefferson,Iowa,19101,0.074,0.116,0.221,0.191,0.398
Shelby,Tennessee,47157,0.034,0.025,0.105,0.184,0.653
Mecosta,Michigan,26107,0.091,0.104,0.087,0.243,0.475
New Castle,Delaware,10003,0.027,0.013,0.041,0.133,0.786
Wilkinson,Mississippi,28157,0.146,0.143,0.075,0.155,0.481
Lafayette,Florida,12067,0.102,0.081,0.22,0.208,0.389
Manistee,Michigan,26101,0.035,0.05,0.087,0.121,0.707
Osage,Missouri,29151,0.067,0.133,0.171,0.16,0.469
Waller,Texas,48473,0.016,0.06,0.07,0.236,0.618
Story,Iowa,19169,0.045,0.075,0.071,0.235,0.574
Ellsworth,Kansas,20053,0.174,0.133,0.133,0.187,0.373
Caddo,Louisiana,22017,0.058,0.079,0.158,0.209,0.497
Oldham,Texas,48359,0.084,0.065,0.109,0.278,0.464
Payette,Idaho,16075,0.081,0.199,0.174,0.242,0.304
Hale,Alabama,01065,0.026,0.061,0.084,0.191,0.639
LaSalle,Illinois,17099,0.018,0.046,0.113,0.267,0.556
Pickens,South Carolina,45077,0.066,0.059,0.146,0.236,0.493
Henry,Alabama,01067,0.066,0.068,0.17,0.258,0.438
Grand Isle,Vermont,50013,0.031,0.039,0.088,0.113,0.729
Daviess,Missouri,29061,0.124,0.166,0.172,0.247,0.291
Hughes,Oklahoma,40063,0.089,0.037,0.146,0.213,0.514
DuPage,Illinois,17043,0.01,0.01,0.056,0.163,0.76
Beaufort,North Carolina,37013,0.037,0.08,0.041,0.219,0.623
Alger,Michigan,26003,0.025,0.034,0.118,0.229,0.595
Fairfax city,Virginia,51600,0.025,0.015,0.075,0.173,0.712
Gladwin,Michigan,26051,0.025,0.024,0.109,0.338,0.503
Lincoln,Washington,53043,0.017,0.086,0.023,0.108,0.765
Sullivan,Missouri,29211,0.136,0.127,0.174,0.223,0.341
Webster,West Virginia,54101,0.065,0.083,0.163,0.211,0.479
Taliaferro,Georgia,13265,0.065,0.048,0.086,0.158,0.644
Grant,Kentucky,21081,0.047,0.056,0.183,0.106,0.608
Logan,Oklahoma,40083,0.03,0.027,0.114,0.31,0.519
Otsego,Michigan,26137,0.06,0.068,0.097,0.172,0.602
Calhoun,Illinois,17013,0.082,0.06,0.219,0.366,0.273
Lewis,Missouri,29111,0.164,0.109,0.177,0.23,0.32
Huntingdon,Pennsylvania,42061,0.07,0.06,0.155,0.232,0.483
Monroe,Illinois,17133,0.003,0.04,0.112,0.174,0.67
Brazos,Texas,48041,0.012,0.038,0.067,0.347,0.537
Jackson,Colorado,08057,0.021,0.027,0.09,0.342,0.52
Woods,Oklahoma,40151,0.165,0.116,0.166,0.281,0.272
Peoria,Illinois,17143,0.039,0.036,0.096,0.251,0.577
Borden,Texas,48033,0.039,0.115,0.125,0.107,0.614
Lafayette,Missouri,29107,0.033,0.098,0.052,0.247,0.571
Ben Hill,Georgia,13017,0.129,0.078,0.109,0.202,0.483
Wood,Texas,48499,0.046,0.073,0.071,0.283,0.526
Crawford,Iowa,19047,0.089,0.045,0.141,0.064,0.66
Jerome,Idaho,16053,0.175,0.219,0.096,0.167,0.343
Guilford,North Carolina,37081,0.04,0.055,0.117,0.199,0.588
Walton,Georgia,13297,0.106,0.127,0.184,0.141,0.442
Cass,Illinois,17017,0.103,0.08,0.19,0.187,0.441
Camden,Missouri,29029,0.266,0.093,0.147,0.124,0.371
Navajo,Arizona,04017,0.091,0.108,0.059,0.139,0.602
Houston,Texas,48225,0.182,0.09,0.104,0.15,0.474
Columbus,North Carolina,37047,0.179,0.043,0.113,0.155,0.511
Florence,South Carolina,45041,0.114,0.08,0.133,0.109,0.564
Monroe,Pennsylvania,42089,0.019,0.047,0.052,0.061,0.822
Ziebach,South Dakota,46137,0.105,0.053,0.172,0.235,0.434
Juneau City and Borough,Alaska,02110,0.051,0.067,0.133,0.396,0.353
Calcasieu,Louisiana,22019,0.102,0.139,0.077,0.212,0.471
Wyoming,Pennsylvania,42131,0.035,0.008,0.049,0.072,0.836
Greenbrier,West Virginia,54025,0.07,0.03,0.113,0.233,0.554
Sitka City and Borough,Alaska,02220,0.048,0.077,0.137,0.381,0.357
Rawlins,Kansas,20153,0.128,0.174,0.209,0.22,0.268
Brown,Ohio,39015,0.177,0.177,0.101,0.128,0.417
Lawrence,Mississippi,28077,0.119,0.133,0.142,0.135,0.471
Stephens,Texas,48429,0.058,0.149,0.221,0.127,0.445
Elko,Nevada,32007,0.021,0.046,0.19,0.364,0.379
Starr,Texas,48427,0.039,0.008,0.023,0.1,0.831
Union,Mississippi,28145,0.078,0.085,0.148,0.219,0.47
Madison,Arkansas,05087,0.075,0.088,0.159,0.114,0.564
Perry,Arkansas,05105,0.098,0.051,0.08,0.367,0.404
McKenzie,North Dakota,38053,0.19,0.182,0.142,0.253,0.232
Johnson,Illinois,17087,0.124,0.05,0.189,0.141,0.496
Cook,Illinois,17031,0.023,0.021,0.072,0.162,0.722
Maricopa,Arizona,04013,0.023,0.025,0.059,0.158,0.734
Uintah,Utah,49047,0.121,0.269,0.046,0.389,0.175
Wright,Minnesota,27171,0.083,0.109,0.162,0.259,0.387
Strafford,New Hampshire,33017,0.08,0.074,0.098,0.19,0.558
Butler,Kansas,20015,0.053,0.133,0.122,0.222,0.47
Madison,Ohio,39097,0.037,0.087,0.167,0.262,0.447
Dodge,Georgia,13091,0.145,0.025,0.15,0.236,0.443
Athens,Ohio,39009,0.071,0.115,0.164,0.236,0.413
Pepin,Wisconsin,55091,0.071,0.056,0.198,0.233,0.443
Aiken,South Carolina,45003,0.1,0.086,0.116,0.193,0.505
Bossier,Louisiana,22015,0.068,0.096,0.144,0.225,0.468
Beltrami,Minnesota,27007,0.094,0.155,0.225,0.185,0.34
Thurston,Nebraska,31173,0.123,0.153,0.119,0.187,0.418
Hughes,South Dakota,46065,0.091,0.027,0.109,0.251,0.523
Shelby,Ohio,39149,0.182,0.119,0.216,0.283,0.2
Delaware,New York,36025,0.057,0.053,0.034,0.112,0.744
Clarion,Pennsylvania,42031,0.057,0.03,0.152,0.155,0.605
Saunders,Nebraska,31155,0.108,0.09,0.28,0.223,0.3
Cameron,Texas,48061,0.035,0.061,0.034,0.056,0.813
Reynolds,Missouri,29179,0.137,0.183,0.085,0.229,0.366
Ottawa,Kansas,20143,0.131,0.117,0.164,0.191,0.396
Marshall,Illinois,17123,0.048,0.083,0.133,0.198,0.538
Metcalfe,Kentucky,21169,0.048,0.109,0.134,0.222,0.487
Greeley,Nebraska,31077,0.122,0.091,0.122,0.245,0.421
Bristol city,Virginia,51520,0.174,0.125,0.075,0.273,0.352
Elk,Pennsylvania,42047,0.055,0.016,0.084,0.15,0.695
Jack,Texas,48237,0.009,0.018,0.012,0.37,0.592
Orange,Virginia,51137,0.033,0.132,0.038,0.153,0.643
Morrill,Nebraska,31123,0.261,0.119,0.124,0.273,0.223
Gillespie,Texas,48171,0.095,0.091,0.107,0.114,0.592
Hodgeman,Kansas,20083,0.126,0.075,0.163,0.225,0.412
Bullock,Alabama,01011,0.031,0.04,0.144,0.286,0.5
Clark,Arkansas,05019,0.08,0.091,0.08,0.231,0.518
DeKalb,Tennessee,47041,0.157,0.152,0.231,0.132,0.328
Greenwood,South Carolina,45047,0.074,0.087,0.226,0.151,0.463
Conway,Arkansas,05029,0.071,0.12,0.137,0.347,0.325
Louisa,Virginia,51109,0.025,0.045,0.036,0.146,0.748
Montgomery,Maryland,24031,0.025,0.029,0.041,0.128,0.777
Harrison,Indiana,18061,0.094,0.084,0.205,0.258,0.359
Beaver,Pennsylvania,42007,0.015,0.023,0.1,0.137,0.725
Alexander,North Carolina,37003,0.027,0.023,0.103,0.272,0.575
Lamar,Texas,48277,0.054,0.095,0.135,0.238,0.478
Caledonia,Vermont,50005,0.076,0.121,0.078,0.154,0.57
Essex,New Jersey,34013,0.035,0.014,0.085,0.183,0.682
Mahnomen,Minnesota,27087,0.07,0.279,0.083,0.185,0.382
Hemphill,Texas,48211,0.189,0.125,0.139,0.138,0.409
Anchorage,Alaska,02020,0.042,0.05,0.049,0.196,0.663
Wabash,Illinois,17185,0.078,0.113,0.271,0.325,0.212
Polk,North Carolina,37149,0.018,0.115,0.105,0.263,0.499
Steuben,New York,36101,0.036,0.031,0.057,0.201,0.674
Perkins,Nebraska,31135,0.069,0.164,0.142,0.233,0.393
Lewis,Tennessee,47101,0.098,0.084,0.198,0.236,0.385
Kewaunee,Wisconsin,55061,0.033,0.035,0.112,0.208,0.612
Decatur,Iowa,19053,0.248,0.132,0.258,0.068,0.294
Brown,Kansas,20013,0.089,0.149,0.183,0.197,0.382
Henderson,North Carolina,37089,0.014,0.028,0.042,0.201,0.715
Rapides,Louisiana,22079,0.106,0.046,0.087,0.236,0.524
Taylor,Florida,12123,0.103,0.086,0.19,0.145,0.476
Calhoun,Florida,12013,0.034,0.055,0.138,0.267,0.507
East Carroll,Louisiana,22035,0.022,0.046,0.121,0.137,0.674
Colbert,Alabama,01033,0.082,0.096,0.152,0.159,0.51
Montgomery,North Carolina,37123,0.027,0.056,0.078,0.184,0.655
Butler,Alabama,01013,0.102,0.053,0.257,0.137,0.451
De Soto,Louisiana,22031,0.035,0.075,0.132,0.162,0.596
Roscommon,Michigan,26143,0.012,0.037,0.097,0.217,0.637
Imperial,California,06025,0.001,0.005,0.03,0.128,0.836
San Mateo,California,06081,0.016,0.013,0.058,0.126,0.786
Potter,Pennsylvania,42105,0.061,0.011,0.061,0.12,0.747
Kane,Utah,49025,0.061,0.041,0.226,0.227,0.445
Panola,Mississippi,28107,0.061,0.158,0.113,0.269,0.399
Addison,Vermont,50001,0.029,0.045,0.086,0.139,0.702
Baca,Colorado,08009,0.113,0.053,0.194,0.206,0.435
Douglas,Colorado,08035,0.013,0.041,0.081,0.192,0.673
Cambria,Pennsylvania,42021,0.026,0.062,0.153,0.228,0.53
Chesterfield,Virginia,51041,0.026,0.03,0.08,0.216,0.649
Boone,Indiana,18011,0.052,0.085,0.142,0.308,0.413
San Jacinto,Texas,48407,0.009,0.064,0.082,0.112,0.733
Renville,North Dakota,38075,0.193,0.13,0.141,0.262,0.274
Ashley,Arkansas,05003,0.023,0.103,0.163,0.117,0.595
Vigo,Indiana,18167,0.118,0.064,0.102,0.25,0.466
Grant,Oregon,41023,0.014,0.062,0.132,0.12,0.671
Loudoun,Virginia,51107,0.014,0.012,0.038,0.173,0.763
Knott,Kentucky,21119,0.157,0.073,0.13,0.142,0.497
Kandiyohi,Minnesota,27067,0.109,0.107,0.182,0.29,0.312
Marshall,Iowa,19127,0.077,0.064,0.153,0.226,0.48
Van Buren,Tennessee,47175,0.145,0.147,0.147,0.239,0.323
Logan,Kansas,20109,0.206,0.131,0.194,0.189,0.28
Waukesha,Wisconsin,55133,0.071,0.165,0.145,0.258,0.361
Banks,Georgia,13011,0.136,0.103,0.125,0.238,0.399
Fisher,Texas,48151,0.097,0.097,0.109,0.186,0.51
Washington,Virginia,51191,0.123,0.099,0.144,0.266,0.368
Douglas,Nebraska,31055,0.091,0.069,0.095,0.263,0.482
Grays Harbor,Washington,53027,0.03,0.009,0.087,0.213,0.662
Clinton,Indiana,18023,0.088,0.033,0.132,0.285,0.462
Dent,Missouri,29065,0.167,0.169,0.175,0.196,0.293
Flagler,Florida,12035,0.079,0.05,0.113,0.157,0.602
Crawford,Kansas,20037,0.108,0.143,0.118,0.139,0.492
Stark,North Dakota,38089,0.207,0.205,0.129,0.24,0.219
,,02105,0.051,0.064,0.13,0.399,0.356
Roanoke city,Virginia,51770,0.07,0.05,0.088,0.212,0.58
Schley,Georgia,13249,0.07,0.102,0.117,0.214,0.497
King William,Virginia,51101,0.012,0.072,0.201,0.169,0.546
Seneca,New York,36099,0.001,0.012,0.042,0.082,0.864
Marquette,Michigan,26103,0.016,0.045,0.11,0.251,0.578
Kennebec,Maine,23011,0.016,0.074,0.125,0.245,0.54
Randolph,Georgia,13243,0.016,0.065,0.05,0.2,0.669
Lauderdale,Tennessee,47097,0.064,0.094,0.191,0.142,0.508
Stevens,Kansas,20189,0.122,0.132,0.112,0.225,0.408
Sioux,Nebraska,31165,0.241,0.161,0.101,0.292,0.205
Pottawatomie,Oklahoma,40125,0.042,0.052,0.278,0.236,0.392
Garfield,Nebraska,31071,0.168,0.084,0.142,0.236,0.37
Rice,Kansas,20159,0.153,0.086,0.11,0.241,0.41
Cumberland,Illinois,17035,0.095,0.075,0.194,0.212,0.424
Walton,Florida,12131,0.092,0.06,0.092,0.244,0.512
Dare,North Carolina,37055,0.028,0.005,0.102,0.194,0.671
Dawes,Nebraska,31045,0.224,0.103,0.11,0.321,0.242
Dubois,Indiana,18037,0.01,0.105,0.086,0.25,0.55
Lincoln,Mississippi,28085,0.077,0.129,0.136,0.142,0.516
Taney,Missouri,29213,0.053,0.079,0.214,0.155,0.499
Washington,Louisiana,22117,0.103,0.046,0.148,0.242,0.461
Trego,Kansas,20195,0.203,0.115,0.256,0.137,0.291
Sandoval,New Mexico,35043,0.017,0.015,0.096,0.11,0.762
Jackson,Indiana,18071,0.097,0.098,0.105,0.388,0.312
Henderson,Tennessee,47077,0.127,0.107,0.156,0.282,0.327
Prince William,Virginia,51153,0.047,0.027,0.055,0.11,0.761
Delaware,Oklahoma,40041,0.188,0.187,0.202,0.107,0.316
Pondera,Montana,30073,0.123,0.175,0.17,0.142,0.39
Gibson,Tennessee,47053,0.182,0.086,0.111,0.26,0.361
Cattaraugus,New York,36009,0.015,0.013,0.024,0.156,0.793
Pontotoc,Mississippi,28115,0.06,0.113,0.114,0.197,0.516
McLennan,Texas,48309,0.022,0.049,0.046,0.161,0.721
Duchesne,Utah,49013,0.051,0.259,0.033,0.469,0.188
Baker,Oregon,41001,0.051,0.189,0.179,0.189,0.392
Jasper,Iowa,19099,0.102,0.105,0.233,0.212,0.347
St. Bernard,Louisiana,22087,0.035,0.075,0.136,0.23,0.524
Sunflower,Mississippi,28133,0.137,0.064,0.118,0.182,0.498
Chenango,New York,36017,0.048,0.045,0.015,0.156,0.735
Chautauqua,Kansas,20019,0.128,0.137,0.185,0.214,0.337
Sutter,California,06101,0.058,0.031,0.08,0.163,0.669
Shiawassee,Michigan,26155,0.116,0.046,0.065,0.297,0.475
Cape May,New Jersey,34009,0.013,0.011,0.022,0.214,0.74
Noxubee,Mississippi,28103,0.009,0.034,0.112,0.203,0.642
Custer,Idaho,16037,0.069,0.029,0.199,0.244,0.458
Aitkin,Minnesota,27001,0.187,0.115,0.075,0.247,0.375
Clay,Illinois,17025,0.062,0.115,0.145,0.306,0.372
Chatham,North Carolina,37037,0.007,0.025,0.063,0.139,0.766
Georgetown,South Carolina,45043,0.04,0.014,0.079,0.191,0.675
Yankton,South Dakota,46135,0.109,0.205,0.167,0.26,0.259
Iosco,Michigan,26069,0.1,0.084,0.099,0.206,0.511
Jefferson Davis,Louisiana,22053,0.249,0.111,0.09,0.196,0.354
Wake,North Carolina,37183,0.015,0.02,0.07,0.168,0.727
Nicholas,West Virginia,54067,0.06,0.088,0.166,0.143,0.542
Wichita,Kansas,20203,0.173,0.112,0.184,0.219,0.313
Copiah,Mississippi,28029,0.073,0.084,0.134,0.157,0.552
Ionia,Michigan,26067,0.035,0.203,0.139,0.229,0.394
Bremer,Iowa,19017,0.048,0.062,0.197,0.268,0.424
Brown,South Dakota,46013,0.256,0.098,0.142,0.166,0.338
Weakley,Tennessee,47183,0.093,0.135,0.228,0.251,0.292
Sweetwater,Wyoming,56037,0.061,0.295,0.23,0.146,0.268
Vinton,Ohio,39163,0.09,0.165,0.218,0.147,0.38
Chattooga,Georgia,13055,0.116,0.102,0.187,0.143,0.451
Marion,Ohio,39101,0.084,0.18,0.115,0.159,0.462
LaPorte,Indiana,18091,0.084,0.075,0.168,0.206,0.466
Koochiching,Minnesota,27071,0.159,0.183,0.087,0.255,0.316
Beaver,Oklahoma,40007,0.153,0.154,0.085,0.223,0.384
Clark,South Dakota,46025,0.211,0.147,0.172,0.125,0.345
Effingham,Illinois,17049,0.072,0.072,0.214,0.232,0.41
Faulk,South Dakota,46049,0.205,0.079,0.146,0.198,0.372
Greenville,South Carolina,45045,0.049,0.079,0.153,0.206,0.513
Cherokee,Georgia,13057,0.049,0.054,0.1,0.213,0.584
Quay,New Mexico,35037,0.049,0.152,0.07,0.159,0.571
Muscogee,Georgia,13215,0.063,0.073,0.083,0.225,0.555
Dyer,Tennessee,47045,0.175,0.17,0.12,0.204,0.331
Powell,Montana,30077,0.118,0.144,0.069,0.14,0.53
Iberia,Louisiana,22045,0.112,0.084,0.085,0.253,0.467
McMinn,Tennessee,47107,0.077,0.087,0.155,0.298,0.384
Jersey,Illinois,17083,0.074,0.079,0.124,0.185,0.537
Billings,North Dakota,38007,0.2,0.201,0.137,0.244,0.218
Mellette,South Dakota,46095,0.136,0.028,0.091,0.34,0.405
Blair,Pennsylvania,42013,0.041,0.132,0.083,0.249,0.495
Montague,Texas,48337,0.041,0.08,0.129,0.22,0.529
Montgomery,Ohio,39113,0.041,0.065,0.065,0.222,0.607
Darke,Ohio,39037,0.216,0.084,0.15,0.28,0.271
Titus,Texas,48449,0.019,0.117,0.191,0.264,0.409
Lamb,Texas,48279,0.038,0.065,0.046,0.255,0.597
Shelby,Iowa,19165,0.099,0.059,0.182,0.145,0.516
Boulder,Colorado,08013,0.008,0.015,0.032,0.195,0.75
King,Washington,53033,0.016,0.02,0.05,0.191,0.724
Hays,Texas,48209,0.0,0.007,0.022,0.115,0.855
Cheyenne,Nebraska,31033,0.116,0.159,0.164,0.338,0.223
Jefferson,Oklahoma,40067,0.084,0.108,0.163,0.14,0.505
Edmunds,South Dakota,46045,0.217,0.088,0.15,0.197,0.348
Ballard,Kentucky,21007,0.107,0.033,0.198,0.257,0.404
Riverside,California,06065,0.026,0.014,0.041,0.116,0.803
Phillips,Arkansas,05107,0.052,0.061,0.134,0.276,0.477
Turner,Georgia,13287,0.141,0.042,0.094,0.175,0.547
Kent,Texas,48263,0.069,0.168,0.172,0.167,0.424
Jackson,South Dakota,46071,0.129,0.052,0.136,0.281,0.401
Bosque,Texas,48035,0.031,0.154,0.102,0.248,0.465
Green Lake,Wisconsin,55047,0.092,0.122,0.184,0.117,0.486
Vernon,Louisiana,22115,0.092,0.066,0.145,0.244,0.453
Grant,Louisiana,22043,0.086,0.041,0.109,0.229,0.535
Plymouth,Massachusetts,25023,0.014,0.017,0.045,0.112,0.812
Stone,Mississippi,28131,0.109,0.064,0.124,0.224,0.479
Chester,South Carolina,45023,0.151,0.065,0.055,0.23,0.5
Waseca,Minnesota,27161,0.074,0.048,0.117,0.332,0.429
Pecos,Texas,48371,0.05,0.051,0.15,0.197,0.551
Andrew,Missouri,29003,0.133,0.197,0.164,0.234,0.272
Owen,Indiana,18119,0.094,0.038,0.087,0.282,0.5
Bolivar,Mississippi,28011,0.123,0.046,0.127,0.249,0.456
Sullivan,New Hampshire,33019,0.06,0.103,0.012,0.252,0.574
Jefferson,Louisiana,22051,0.044,0.031,0.066,0.174,0.685
Greene,Ohio,39057,0.041,0.082,0.095,0.264,0.519
Ellis,Texas,48139,0.027,0.017,0.044,0.19,0.722
Harrison,Kentucky,21097,0.073,0.044,0.031,0.047,0.804
Campbell,Kentucky,21037,0.073,0.085,0.134,0.278,0.43
Upshur,West Virginia,54097,0.131,0.039,0.077,0.278,0.475
Tunica,Mississippi,28143,0.131,0.036,0.089,0.176,0.568
Lonoke,Arkansas,05085,0.048,0.045,0.136,0.297,0.474
Sherman,Nebraska,31163,0.093,0.099,0.11,0.307,0.39
McLeod,Minnesota,27085,0.061,0.176,0.193,0.383,0.186
Minnehaha,South Dakota,46099,0.087,0.187,0.106,0.251,0.369
Winkler,Texas,48495,0.087,0.05,0.086,0.196,0.581
Franklin,Vermont,50011,0.042,0.058,0.056,0.134,0.71
Livingston,Missouri,29117,0.15,0.228,0.111,0.25,0.26
Warren,New York,36113,0.026,0.018,0.104,0.13,0.723
San Saba,Texas,48411,0.026,0.101,0.099,0.255,0.519
Shawnee,Kansas,20177,0.009,0.078,0.095,0.184,0.633
Jefferson,Texas,48245,0.036,0.075,0.11,0.171,0.608
Cook,Georgia,13075,0.098,0.134,0.123,0.203,0.441
Faulkner,Arkansas,05045,0.066,0.027,0.077,0.403,0.426
Watauga,North Carolina,37189,0.062,0.01,0.072,0.363,0.493
Piscataquis,Maine,23021,0.062,0.146,0.123,0.189,0.479
Weld,Colorado,08123,0.046,0.038,0.135,0.231,0.55
Buchanan,Missouri,29021,0.121,0.183,0.175,0.219,0.302
La Plata,Colorado,08067,0.043,0.02,0.122,0.274,0.541
Clarendon,South Carolina,45027,0.083,0.147,0.128,0.157,0.486
Comal,Texas,48091,0.007,0.044,0.063,0.146,0.74
Bedford,Pennsylvania,42009,0.014,0.111,0.1,0.205,0.57
Columbia,Pennsylvania,42037,0.02,0.046,0.05,0.163,0.721
Armstrong,Texas,48011,0.08,0.066,0.116,0.25,0.488
Ralls,Missouri,29173,0.16,0.106,0.248,0.196,0.29
Grundy,Tennessee,47061,0.142,0.165,0.151,0.212,0.33
Richmond,North Carolina,37153,0.05,0.039,0.145,0.153,0.612
Rockingham,Virginia,51165,0.034,0.062,0.139,0.212,0.553
Tate,Mississippi,28137,0.097,0.052,0.149,0.265,0.437
Avoyelles,Louisiana,22009,0.13,0.092,0.073,0.246,0.459
Liberty,Florida,12077,0.022,0.023,0.205,0.268,0.482
Franklin,Iowa,19069,0.088,0.278,0.187,0.186,0.261
Crawford,Georgia,13079,0.057,0.051,0.231,0.192,0.468
Union,South Dakota,46127,0.082,0.177,0.12,0.204,0.418
Grant,Arkansas,05053,0.082,0.043,0.127,0.258,0.489
Swain,North Carolina,37173,0.079,0.061,0.086,0.247,0.528
Peach,Georgia,13225,0.027,0.074,0.172,0.16,0.567
Pitkin,Colorado,08097,0.019,0.014,0.016,0.318,0.633
Wasco,Oregon,41065,0.019,0.034,0.069,0.197,0.681
Mercer,Ohio,39107,0.102,0.105,0.245,0.314,0.233
Washington,Oregon,41067,0.006,0.009,0.059,0.169,0.756
Luzerne,Pennsylvania,42079,0.016,0.024,0.045,0.136,0.779
Spencer,Kentucky,21215,0.032,0.058,0.047,0.41,0.453
Taylor,Iowa,19173,0.09,0.151,0.185,0.282,0.292
Seneca,Ohio,39147,0.119,0.195,0.243,0.164,0.279
Power,Idaho,16077,0.078,0.205,0.152,0.185,0.381
Cottle,Texas,48101,0.107,0.106,0.188,0.176,0.423
Grant,Oklahoma,40053,0.205,0.136,0.145,0.255,0.257
Coffee,Alabama,01031,0.101,0.152,0.094,0.186,0.466
Hancock,Mississippi,28045,0.063,0.09,0.089,0.254,0.503
Ross,Ohio,39141,0.181,0.103,0.101,0.168,0.447
,,36005,0.043,0.013,0.066,0.136,0.742
Roosevelt,Montana,30085,0.169,0.246,0.178,0.261,0.146
Wirt,West Virginia,54105,0.112,0.059,0.219,0.222,0.389
Madison,Iowa,19121,0.01,0.102,0.136,0.268,0.484
Jefferson,Tennessee,47089,0.151,0.092,0.149,0.176,0.431
Union,Illinois,17181,0.1,0.078,0.162,0.195,0.466
Holmes,Florida,12059,0.17,0.077,0.081,0.111,0.562
Carroll,Kentucky,21041,0.155,0.171,0.12,0.208,0.346
Pasco,Florida,12101,0.027,0.029,0.055,0.179,0.709
Sabine,Texas,48403,0.105,0.046,0.103,0.15,0.596
Taylor,Wisconsin,55119,0.201,0.165,0.09,0.12,0.424
Barbour,Alabama,01005,0.067,0.121,0.12,0.201,0.491
Presidio,Texas,48377,0.003,0.003,0.032,0.174,0.789
Austin,Texas,48015,0.006,0.024,0.054,0.224,0.692
Lake,Colorado,08065,0.002,0.016,0.036,0.193,0.753
Lavaca,Texas,48285,0.008,0.029,0.114,0.114,0.736
Black Hawk,Iowa,19013,0.032,0.053,0.18,0.289,0.447
Pike,Arkansas,05109,0.064,0.061,0.2,0.176,0.501
Hall,Georgia,13139,0.061,0.069,0.128,0.198,0.545
Leavenworth,Kansas,20103,0.087,0.135,0.092,0.142,0.544
Marion,Oregon,41047,0.029,0.013,0.053,0.196,0.71
Washington,North Carolina,37187,0.113,0.053,0.057,0.301,0.476
Guthrie,Iowa,19077,0.162,0.073,0.143,0.283,0.34
Carbon,Utah,49007,0.107,0.134,0.114,0.293,0.353
Baxter,Arkansas,05005,0.15,0.104,0.108,0.104,0.534
Baltimore,Maryland,24005,0.013,0.024,0.043,0.142,0.777
Warren,Pennsylvania,42123,0.009,0.019,0.114,0.224,0.634
Lenawee,Michigan,26091,0.018,0.027,0.083,0.26,0.612
Randolph,West Virginia,54083,0.098,0.05,0.14,0.265,0.447
Nelson,Kentucky,21179,0.033,0.106,0.068,0.244,0.548
Monterey,California,06053,0.023,0.006,0.066,0.141,0.763
Yancey,North Carolina,37199,0.028,0.019,0.063,0.224,0.665
Carteret,North Carolina,37031,0.01,0.067,0.167,0.197,0.56
Ontonagon,Michigan,26131,0.025,0.086,0.123,0.265,0.501
Modoc,California,06049,0.068,0.019,0.095,0.204,0.615
Muskingum,Ohio,39119,0.136,0.145,0.121,0.182,0.416
Plaquemines,Louisiana,22075,0.065,0.035,0.165,0.222,0.513
Benton,Missouri,29015,0.188,0.122,0.168,0.277,0.245
Rockbridge,Virginia,51163,0.015,0.112,0.068,0.13,0.675
Jasper,Georgia,13159,0.082,0.059,0.181,0.118,0.56
Pend Oreille,Washington,53051,0.027,0.122,0.052,0.212,0.587
Dickson,Tennessee,47043,0.054,0.076,0.079,0.336,0.455
Northwest Arctic Borough,Alaska,02188,0.035,0.188,0.051,0.474,0.252
Logan,Nebraska,31113,0.14,0.133,0.115,0.308,0.304
Greene,Indiana,18055,0.099,0.027,0.081,0.235,0.558
Tooele,Utah,49045,0.002,0.114,0.141,0.212,0.532
Kinney,Texas,48271,0.004,0.059,0.121,0.084,0.733
Tuolumne,California,06109,0.008,0.043,0.084,0.212,0.653
Leflore,Mississippi,28083,0.122,0.093,0.119,0.129,0.537
Cole,Missouri,29051,0.087,0.185,0.107,0.187,0.434
Blaine,Oklahoma,40011,0.029,0.081,0.244,0.32,0.326
Terrell,Texas,48443,0.021,0.061,0.167,0.154,0.597
Linn,Iowa,19113,0.039,0.081,0.115,0.201,0.563
Mercer,Illinois,17131,0.039,0.066,0.11,0.215,0.571
Box Butte,Nebraska,31013,0.303,0.112,0.096,0.285,0.203
Crow Wing,Minnesota,27035,0.147,0.112,0.081,0.249,0.411
Washington,Georgia,13303,0.104,0.07,0.053,0.157,0.617
Mineral,Colorado,08079,0.049,0.072,0.138,0.264,0.478
Burt,Nebraska,31021,0.066,0.063,0.09,0.321,0.46
White,Illinois,17193,0.19,0.144,0.095,0.239,0.332
El Paso,Colorado,08041,0.031,0.089,0.081,0.196,0.603
Rowan,North Carolina,37159,0.086,0.065,0.131,0.175,0.542
Esmeralda,Nevada,32009,0.086,0.004,0.006,0.032,0.872
Hunterdon,New Jersey,34019,0.007,0.038,0.065,0.085,0.804
Del Norte,California,06015,0.01,0.135,0.112,0.196,0.547
Parker,Texas,48367,0.02,0.048,0.055,0.206,0.671
Webster,Iowa,19187,0.209,0.167,0.161,0.101,0.362
Duplin,North Carolina,37061,0.068,0.044,0.143,0.126,0.62
Providence,Rhode Island,44007,0.022,0.014,0.05,0.159,0.754
Beaufort,South Carolina,45013,0.038,0.027,0.055,0.147,0.733
Leon,Florida,12073,0.051,0.022,0.071,0.156,0.7
Knox,Illinois,17095,0.035,0.031,0.194,0.246,0.494
Tallapoosa,Alabama,01123,0.067,0.095,0.136,0.296,0.406
Niagara,New York,36063,0.001,0.028,0.037,0.204,0.73
Edwards,Texas,48137,0.016,0.047,0.145,0.101,0.691
Wakulla,Florida,12129,0.032,0.092,0.172,0.275,0.429
Wagoner,Oklahoma,40145,0.032,0.112,0.175,0.306,0.375
Alexandria city,Virginia,51510,0.032,0.02,0.065,0.17,0.712
Southeast Fairbanks Census Area,Alaska,02240,0.064,0.071,0.14,0.272,0.453
Ware,Georgia,13299,0.061,0.108,0.109,0.166,0.556
Franklin,Missouri,29071,0.122,0.086,0.1,0.233,0.458
Madison,Mississippi,28089,0.029,0.043,0.184,0.242,0.502
Marshall,West Virginia,54051,0.075,0.095,0.077,0.256,0.497
Cuming,Nebraska,31039,0.147,0.066,0.122,0.347,0.317
Edwards,Kansas,20047,0.052,0.086,0.135,0.221,0.506
Falls,Texas,48145,0.009,0.029,0.061,0.187,0.715
Roosevelt,New Mexico,35041,0.009,0.154,0.089,0.146,0.602
Hamilton,Florida,12047,0.101,0.071,0.235,0.227,0.365
Ramsey,North Dakota,38071,0.242,0.25,0.138,0.175,0.195
Dutchess,New York,36027,0.007,0.009,0.031,0.099,0.854
Grant,Wisconsin,55043,0.103,0.102,0.18,0.166,0.449
Sacramento,California,06067,0.025,0.028,0.062,0.164,0.722
Pierce,Georgia,13229,0.05,0.143,0.127,0.157,0.522
Charles City,Virginia,51036,0.017,0.02,0.103,0.177,0.683
Camp,Texas,48063,0.017,0.064,0.213,0.235,0.471
Williamsburg,South Carolina,45089,0.034,0.057,0.12,0.158,0.631
Clark,Indiana,18019,0.068,0.06,0.141,0.228,0.501
Clayton,Iowa,19043,0.123,0.084,0.137,0.284,0.371
Webster,Nebraska,31181,0.091,0.167,0.068,0.286,0.389
Shelby,Alabama,01117,0.022,0.075,0.118,0.24,0.545
Outagamie,Wisconsin,55087,0.085,0.124,0.135,0.302,0.353
Colfax,New Mexico,35007,0.041,0.019,0.091,0.106,0.743
Norton,Kansas,20137,0.161,0.163,0.177,0.225,0.275
Tyrrell,North Carolina,37177,0.054,0.016,0.103,0.301,0.527
Hardin,Ohio,39065,0.149,0.121,0.134,0.227,0.368
Fulton,Arkansas,05049,0.105,0.121,0.226,0.197,0.351
Washakie,Wyoming,56043,0.204,0.155,0.069,0.285,0.287
Doniphan,Kansas,20043,0.137,0.193,0.184,0.214,0.272
Mackinac,Michigan,26097,0.032,0.04,0.073,0.256,0.599
Northumberland,Pennsylvania,42097,0.064,0.013,0.078,0.197,0.649
Carter,Oklahoma,40019,0.128,0.169,0.138,0.213,0.351
Laurens,Georgia,13175,0.122,0.056,0.141,0.291,0.391
Mecklenburg,North Carolina,37119,0.029,0.037,0.075,0.166,0.694
Morrow,Oregon,41049,0.026,0.004,0.083,0.197,0.69
Wexford,Michigan,26165,0.036,0.056,0.077,0.171,0.659
Choctaw,Alabama,01023,0.049,0.038,0.126,0.219,0.568
Heard,Georgia,13149,0.126,0.094,0.166,0.144,0.471
Snyder,Pennsylvania,42109,0.062,0.036,0.104,0.226,0.572
Jackson,Alabama,01071,0.092,0.089,0.11,0.249,0.46
Pike,Georgia,13231,0.059,0.06,0.147,0.192,0.542
Montgomery,Tennessee,47125,0.083,0.063,0.203,0.228,0.423
Claiborne,Tennessee,47025,0.163,0.114,0.091,0.236,0.397
Blanco,Texas,48031,0.005,0.019,0.115,0.074,0.788
Natrona,Wyoming,56025,0.1,0.084,0.094,0.325,0.398
Ashland,Ohio,39005,0.068,0.035,0.268,0.19,0.438
Boone,West Virginia,54005,0.097,0.138,0.093,0.197,0.475
Macoupin,Illinois,17117,0.015,0.05,0.147,0.227,0.561
Webster,Kentucky,21233,0.088,0.084,0.167,0.21,0.451
Moore,Tennessee,47127,0.173,0.101,0.176,0.235,0.316
Walthall,Mississippi,28147,0.158,0.086,0.134,0.213,0.409
Guadalupe,Texas,48187,0.027,0.022,0.032,0.125,0.794
Luna,New Mexico,35029,0.105,0.046,0.024,0.11,0.715
Catoosa,Georgia,13047,0.143,0.152,0.114,0.217,0.375
Jefferson,Idaho,16051,0.099,0.208,0.192,0.249,0.252
Wythe,Virginia,51197,0.096,0.075,0.172,0.21,0.447
Gilmer,Georgia,13123,0.128,0.042,0.087,0.198,0.545
Brooks,Texas,48047,0.061,0.004,0.166,0.09,0.678
Amador,California,06005,0.045,0.013,0.099,0.188,0.655
Canyon,Idaho,16027,0.113,0.095,0.17,0.24,0.381
Brown,Indiana,18013,0.055,0.061,0.041,0.184,0.66
Sanilac,Michigan,26151,0.078,0.112,0.077,0.21,0.522
Slope,North Dakota,38087,0.217,0.179,0.142,0.246,0.215
Lebanon,Pennsylvania,42075,0.026,0.008,0.062,0.178,0.725
Fairfax,Virginia,51059,0.018,0.016,0.054,0.163,0.748
Calloway,Kentucky,21035,0.066,0.084,0.248,0.17,0.432
Clay,Texas,48077,0.066,0.049,0.105,0.087,0.693
Posey,Indiana,18129,0.132,0.056,0.115,0.226,0.472
Sauk,Wisconsin,55111,0.063,0.163,0.113,0.193,0.468
Floyd,Iowa,19067,0.063,0.271,0.148,0.25,0.268
Garfield,Washington,53023,0.031,0.029,0.085,0.292,0.563
Yavapai,Arizona,04025,0.031,0.073,0.081,0.176,0.639
Poweshiek,Iowa,19157,0.121,0.145,0.187,0.164,0.383
Manitowoc,Wisconsin,55071,0.175,0.089,0.259,0.133,0.345
Stone,Missouri,29209,0.056,0.093,0.171,0.247,0.434
Columbia,Washington,53013,0.08,0.031,0.079,0.223,0.586
Graham,Kansas,20065,0.218,0.156,0.247,0.129,0.25
Upton,Texas,48461,0.077,0.058,0.088,0.21,0.567
Lyon,Nevada,32019,0.037,0.069,0.05,0.173,0.671
Holmes,Ohio,39075,0.05,0.087,0.134,0.271,0.457
Hyde,North Carolina,37095,0.133,0.03,0.08,0.259,0.498
Klamath,Oregon,41035,0.097,0.031,0.062,0.227,0.583
Rock,Nebraska,31149,0.13,0.102,0.198,0.222,0.349
Davison,South Dakota,46035,0.249,0.074,0.303,0.107,0.267
Montmorency,Michigan,26119,0.044,0.071,0.126,0.186,0.574
Custer,Montana,30017,0.085,0.261,0.144,0.28,0.23
Rhea,Tennessee,47143,0.096,0.154,0.113,0.154,0.483
Clallam,Washington,53009,0.001,0.0,0.028,0.225,0.746
Coos,Oregon,41011,0.128,0.061,0.136,0.099,0.577
Scott,Missouri,29201,0.125,0.115,0.128,0.247,0.385
Laurens,South Carolina,45059,0.09,0.102,0.164,0.214,0.43
Monroe,Mississippi,28095,0.087,0.064,0.139,0.171,0.539
Wood,Ohio,39173,0.029,0.061,0.086,0.252,0.572
Barton,Missouri,29011,0.15,0.131,0.134,0.111,0.474
Lee,Illinois,17103,0.013,0.054,0.058,0.224,0.65
Wilson,North Carolina,37195,0.013,0.067,0.081,0.248,0.59
Jay,Indiana,18075,0.141,0.139,0.157,0.235,0.328
Marion,Kansas,20115,0.101,0.068,0.209,0.279,0.343
Martinsville city,Virginia,51690,0.063,0.076,0.134,0.163,0.564
Plumas,California,06063,0.063,0.067,0.053,0.146,0.671
Allendale,South Carolina,45005,0.172,0.211,0.012,0.22,0.384
Douglas,Georgia,13097,0.083,0.037,0.09,0.198,0.591
Powell,Kentucky,21197,0.112,0.099,0.102,0.232,0.455
St. Lucie,Florida,12111,0.077,0.022,0.08,0.173,0.648
Bartow,Georgia,13015,0.215,0.05,0.123,0.143,0.47
Dixie,Florida,12029,0.071,0.095,0.119,0.318,0.397
Tripp,South Dakota,46123,0.142,0.066,0.138,0.311,0.343
Pope,Minnesota,27121,0.139,0.147,0.103,0.216,0.395
Iron,Utah,49021,0.065,0.036,0.22,0.262,0.417
Christian,Missouri,29043,0.13,0.113,0.053,0.253,0.451
Zapata,Texas,48505,0.047,0.001,0.035,0.138,0.779
Owen,Kentucky,21187,0.091,0.039,0.114,0.198,0.558
Abbeville,South Carolina,45001,0.117,0.102,0.243,0.166,0.371
Pemiscot,Missouri,29155,0.079,0.134,0.175,0.204,0.407
Ripley,Indiana,18137,0.054,0.074,0.15,0.294,0.429
Fredericksburg city,Virginia,51630,0.038,0.007,0.034,0.136,0.784
Ozaukee,Wisconsin,55089,0.076,0.113,0.091,0.3,0.42
Crawford,Illinois,17033,0.146,0.196,0.047,0.219,0.392
Somerset,Maine,23025,0.035,0.095,0.142,0.17,0.558
Hamilton,Kansas,20075,0.131,0.095,0.189,0.217,0.368
Putnam,New York,36079,0.003,0.018,0.022,0.105,0.852
Aransas,Texas,48007,0.006,0.005,0.17,0.074,0.746
Cayuga,New York,36011,0.0,0.033,0.072,0.162,0.732
Osborne,Kansas,20141,0.174,0.233,0.163,0.136,0.293
Lamar,Alabama,01075,0.107,0.045,0.132,0.189,0.527
Marshall,Alabama,01095,0.075,0.064,0.129,0.253,0.479
Washington,Ohio,39167,0.072,0.121,0.142,0.29,0.375
Allamakee,Iowa,19005,0.138,0.049,0.132,0.212,0.469
Valley,Nebraska,31175,0.135,0.09,0.118,0.278,0.38
Bryan,Georgia,13029,0.033,0.039,0.095,0.238,0.595
Haywood,Tennessee,47075,0.086,0.026,0.169,0.155,0.565
Steele,North Dakota,38091,0.172,0.061,0.302,0.182,0.283
Comanche,Kansas,20033,0.112,0.144,0.128,0.271,0.346
Putnam,Ohio,39137,0.041,0.118,0.253,0.307,0.28
Millard,Utah,49027,0.432,0.023,0.088,0.171,0.286
Henry,Ohio,39069,0.038,0.111,0.189,0.197,0.465
Laramie,Wyoming,56021,0.143,0.127,0.1,0.221,0.409
Newaygo,Michigan,26123,0.099,0.121,0.027,0.3,0.454
Lyon,Minnesota,27083,0.134,0.075,0.242,0.21,0.339
Minidoka,Idaho,16067,0.134,0.219,0.106,0.152,0.39
Carver,Minnesota,27019,0.024,0.128,0.183,0.296,0.368
Hidalgo,Texas,48215,0.055,0.003,0.033,0.084,0.826
Scott,Iowa,19163,0.075,0.027,0.126,0.277,0.494
Franklin,Texas,48159,0.013,0.055,0.131,0.327,0.474
Broward,Florida,12011,0.026,0.023,0.043,0.117,0.791
Orangeburg,South Carolina,45075,0.135,0.056,0.111,0.169,0.529
Randolph,North Carolina,37151,0.066,0.078,0.105,0.138,0.613
Murray,Georgia,13213,0.193,0.03,0.182,0.177,0.417
Angelina,Texas,48005,0.121,0.064,0.079,0.2,0.536
Carroll,Georgia,13045,0.089,0.133,0.154,0.168,0.457
Knox,Maine,23013,0.007,0.01,0.111,0.248,0.625
White,Indiana,18181,0.056,0.177,0.194,0.189,0.384
Garrard,Kentucky,21079,0.077,0.043,0.063,0.276,0.54
Miami,Ohio,39109,0.077,0.07,0.19,0.227,0.436
Lawrence,Tennessee,47099,0.074,0.129,0.156,0.192,0.45
Missaukee,Michigan,26113,0.025,0.036,0.082,0.191,0.666
Custer,Colorado,08027,0.017,0.098,0.153,0.234,0.498
Mercer,New Jersey,34021,0.017,0.014,0.05,0.162,0.757
Madison,Louisiana,22065,0.034,0.068,0.109,0.172,0.617
Willacy,Texas,48489,0.034,0.015,0.067,0.064,0.82
Winston,Alabama,01133,0.13,0.046,0.328,0.183,0.312
Cooper,Missouri,29053,0.06,0.09,0.127,0.183,0.54
Pendleton,West Virginia,54071,0.06,0.142,0.128,0.214,0.456
Marin,California,06041,0.011,0.0,0.046,0.141,0.802
Bonner,Idaho,16017,0.088,0.116,0.119,0.241,0.436
Merrimack,New Hampshire,33013,0.085,0.067,0.075,0.158,0.615
Jim Wells,Texas,48249,0.057,0.007,0.137,0.051,0.748
Rio Blanco,Colorado,08103,0.111,0.092,0.074,0.265,0.458
Alameda,California,06001,0.019,0.008,0.055,0.123,0.795
Jefferson,Mississippi,28063,0.076,0.083,0.137,0.15,0.555
Charlotte,Florida,12015,0.051,0.049,0.101,0.158,0.64
Red Willow,Nebraska,31145,0.102,0.123,0.169,0.308,0.298
Charles,Maryland,24017,0.035,0.034,0.107,0.157,0.667
Allen,Indiana,18003,0.07,0.14,0.099,0.228,0.464
Cibola,New Mexico,35006,0.003,0.059,0.014,0.085,0.839
Nevada,California,06057,0.003,0.054,0.084,0.177,0.682
Isabella,Michigan,26073,0.096,0.057,0.112,0.191,0.544
Mills,Iowa,19129,0.064,0.084,0.091,0.281,0.481
Harrison,Mississippi,28047,0.093,0.071,0.142,0.237,0.457
Hernando,Florida,12053,0.09,0.04,0.091,0.19,0.589
Box Elder,Utah,49003,0.084,0.116,0.111,0.27,0.419
Mitchell,Texas,48335,0.168,0.131,0.087,0.126,0.489
McCook,South Dakota,46087,0.113,0.154,0.144,0.238,0.35
Hot Springs,Wyoming,56017,0.208,0.093,0.068,0.307,0.324
Ringgold,Iowa,19159,0.144,0.138,0.281,0.162,0.275
Midland,Texas,48329,0.083,0.044,0.066,0.219,0.588
Franklin,Tennessee,47051,0.166,0.092,0.13,0.201,0.411
Floyd,Indiana,18043,0.053,0.086,0.154,0.233,0.474
San Diego,California,06073,0.017,0.023,0.034,0.126,0.8
Northumberland,Virginia,51133,0.017,0.038,0.095,0.141,0.71
Richmond,Georgia,13245,0.068,0.059,0.114,0.18,0.578
Frio,Texas,48163,0.136,0.007,0.038,0.108,0.71
Butler,Ohio,39017,0.047,0.072,0.106,0.244,0.531
Frontier,Nebraska,31063,0.094,0.121,0.136,0.336,0.313
Fayette,Tennessee,47047,0.022,0.001,0.089,0.205,0.682
Harrison,Missouri,29081,0.173,0.128,0.215,0.248,0.236
Hitchcock,Nebraska,31087,0.085,0.162,0.19,0.263,0.301
Sheridan,Wyoming,56033,0.17,0.251,0.099,0.203,0.278
Orleans,Louisiana,22071,0.019,0.034,0.087,0.206,0.654
Jefferson,Ohio,39081,0.076,0.142,0.152,0.209,0.42
Benson,North Dakota,38005,0.289,0.194,0.118,0.195,0.204
Montgomery,New York,36057,0.102,0.005,0.054,0.09,0.749
Choctaw,Mississippi,28019,0.035,0.094,0.064,0.219,0.588
Independence,Arkansas,05063,0.137,0.156,0.088,0.179,0.44
Refugio,Texas,48391,0.002,0.011,0.235,0.073,0.678
Newport,Rhode Island,44005,0.004,0.006,0.046,0.129,0.815
Macon,Illinois,17115,0.016,0.062,0.088,0.286,0.549
Adams,Illinois,17001,0.18,0.092,0.189,0.19,0.35
Winona,Minnesota,27169,0.029,0.151,0.057,0.328,0.435
Skagway Municipality,Alaska,02230,0.058,0.038,0.116,0.435,0.354
Montgomery,Arkansas,05097,0.081,0.095,0.136,0.166,0.521
Catahoula,Louisiana,22025,0.11,0.056,0.086,0.147,0.6
Rock Island,Illinois,17161,0.078,0.025,0.066,0.235,0.596
Carroll,Ohio,39019,0.147,0.261,0.052,0.15,0.39
Hampden,Massachusetts,25013,0.013,0.017,0.055,0.13,0.786
Webster,Mississippi,28155,0.052,0.145,0.079,0.222,0.502
Marion,West Virginia,54049,0.069,0.06,0.111,0.281,0.479
Saginaw,Michigan,26145,0.031,0.073,0.082,0.197,0.616
LaGrange,Indiana,18087,0.059,0.082,0.171,0.236,0.452
Walla Walla,Washington,53071,0.083,0.022,0.061,0.193,0.641
Deschutes,Oregon,41017,0.01,0.061,0.014,0.25,0.666
Pike,Pennsylvania,42103,0.01,0.013,0.036,0.165,0.777
Newport News city,Virginia,51700,0.01,0.038,0.035,0.145,0.772
Cape Girardeau,Missouri,29031,0.08,0.109,0.137,0.285,0.389
Emmons,North Dakota,38029,0.16,0.221,0.094,0.302,0.222
Putnam,Tennessee,47141,0.16,0.164,0.207,0.099,0.369
Wyandot,Ohio,39175,0.1,0.201,0.138,0.135,0.426
Jo Daviess,Illinois,17085,0.034,0.104,0.22,0.178,0.465
St. Johns,Florida,12109,0.047,0.071,0.097,0.223,0.561
Nelson,Virginia,51125,0.011,0.015,0.106,0.167,0.701
Jessamine,Kentucky,21113,0.022,0.036,0.104,0.21,0.628
West Carroll,Louisiana,22123,0.022,0.063,0.124,0.114,0.677
Colleton,South Carolina,45029,0.088,0.077,0.094,0.1,0.641
Fannin,Texas,48147,0.117,0.126,0.131,0.226,0.4
Lewis,West Virginia,54041,0.161,0.029,0.068,0.288,0.454
Westmoreland,Virginia,51193,0.079,0.036,0.127,0.127,0.631
Clark,Nevada,32003,0.027,0.032,0.054,0.145,0.742
Escambia,Florida,12033,0.019,0.052,0.095,0.31,0.524
Hamilton,Iowa,19079,0.143,0.118,0.129,0.153,0.457
Madison,Illinois,17119,0.035,0.045,0.083,0.189,0.648
Lumpkin,Georgia,13187,0.035,0.086,0.13,0.245,0.504
Washoe,Nevada,32031,0.024,0.025,0.06,0.215,0.676
Colorado,Texas,48089,0.004,0.044,0.078,0.228,0.645
Harford,Maryland,24025,0.008,0.009,0.037,0.168,0.778
Sherburne,Minnesota,27141,0.064,0.175,0.175,0.239,0.346
Bennett,South Dakota,46007,0.147,0.052,0.117,0.327,0.356
Meade,Kentucky,21163,0.018,0.154,0.115,0.154,0.559
San Benito,California,06069,0.018,0.004,0.063,0.175,0.739
Madison,Indiana,18095,0.062,0.084,0.15,0.145,0.559
Kiowa,Kansas,20097,0.062,0.107,0.128,0.233,0.469
Oliver,North Dakota,38065,0.181,0.217,0.102,0.28,0.221
Pawnee,Oklahoma,40117,0.178,0.085,0.159,0.213,0.365
Bracken,Kentucky,21023,0.056,0.249,0.065,0.238,0.392
Clark,Washington,53011,0.02,0.021,0.048,0.17,0.741
Cloud,Kansas,20029,0.154,0.077,0.118,0.217,0.434
Adams,Iowa,19003,0.148,0.11,0.15,0.311,0.281
Morgan,Ohio,39115,0.142,0.114,0.153,0.259,0.332
Costilla,Colorado,08023,0.034,0.072,0.076,0.175,0.644
Union,New Mexico,35059,0.12,0.118,0.127,0.242,0.393
Breathitt,Kentucky,21025,0.114,0.081,0.126,0.241,0.438
Bledsoe,Tennessee,47007,0.082,0.122,0.131,0.251,0.415
Suwannee,Florida,12121,0.105,0.055,0.244,0.227,0.369
Clinton,Illinois,17027,0.102,0.063,0.083,0.166,0.587
Johnson,Kentucky,21115,0.102,0.053,0.106,0.127,0.612
Menard,Illinois,17129,0.102,0.047,0.138,0.172,0.54
Lancaster,South Carolina,45057,0.067,0.068,0.048,0.224,0.594
Wood,Wisconsin,55141,0.131,0.177,0.215,0.181,0.296
Gates,North Carolina,37073,0.008,0.022,0.19,0.21,0.57
Craig,Oklahoma,40035,0.247,0.113,0.236,0.112,0.292
Rutherford,North Carolina,37161,0.045,0.17,0.098,0.156,0.532
Labette,Kansas,20099,0.168,0.123,0.091,0.147,0.471
Beaverhead,Montana,30001,0.165,0.127,0.102,0.18,0.425
Griggs,North Dakota,38039,0.162,0.054,0.197,0.217,0.37
Erie,Ohio,39043,0.078,0.022,0.091,0.179,0.63
Newton,Missouri,29145,0.156,0.121,0.14,0.211,0.373
Anderson,South Carolina,45007,0.069,0.065,0.138,0.26,0.468
Oconee,Georgia,13219,0.049,0.063,0.095,0.181,0.611
Unicoi,Tennessee,47171,0.049,0.041,0.108,0.306,0.497
Clinton,Michigan,26037,0.033,0.056,0.046,0.263,0.603
St. Mary,Louisiana,22101,0.066,0.02,0.179,0.28,0.454
Howard,Texas,48227,0.063,0.063,0.061,0.218,0.596
Green,Kentucky,21087,0.063,0.076,0.127,0.247,0.488
Midland,Michigan,26111,0.031,0.03,0.098,0.214,0.626
Greene,Arkansas,05055,0.062,0.141,0.154,0.346,0.297
Logan,Illinois,17107,0.046,0.045,0.23,0.128,0.551
Washington,Oklahoma,40147,0.118,0.183,0.162,0.192,0.345
Luce,Michigan,26095,0.028,0.03,0.088,0.237,0.617
Schuyler,New York,36097,0.01,0.009,0.071,0.239,0.67
Crane,Texas,48103,0.08,0.056,0.096,0.199,0.57
Jackson,North Carolina,37099,0.077,0.065,0.067,0.176,0.616
King George,Virginia,51099,0.151,0.044,0.086,0.053,0.666
Bradford,Florida,12007,0.106,0.168,0.172,0.173,0.381
Bullitt,Kentucky,21029,0.037,0.091,0.156,0.181,0.535
Phelps,Missouri,29161,0.139,0.177,0.119,0.244,0.32
Searcy,Arkansas,05129,0.1,0.088,0.125,0.149,0.538
Fulton,Kentucky,21075,0.1,0.102,0.202,0.217,0.38
Scott,Kansas,20171,0.197,0.09,0.19,0.21,0.313
Hill,Texas,48217,0.047,0.083,0.029,0.242,0.599
Beckham,Oklahoma,40009,0.088,0.265,0.187,0.121,0.339
Escambia,Alabama,01053,0.114,0.026,0.188,0.285,0.387
Moffat,Colorado,08081,0.041,0.142,0.162,0.284,0.371
Walworth,South Dakota,46129,0.14,0.144,0.132,0.265,0.318
Ontario,New York,36069,0.001,0.012,0.031,0.107,0.849
Stanislaus,California,06099,0.032,0.028,0.062,0.173,0.705
St. Landry,Louisiana,22097,0.064,0.105,0.117,0.199,0.515
Reagan,Texas,48383,0.058,0.061,0.064,0.237,0.58
Itawamba,Mississippi,28057,0.116,0.074,0.155,0.191,0.464
Swisher,Texas,48437,0.084,0.075,0.053,0.255,0.532
Latimer,Oklahoma,40077,0.159,0.136,0.184,0.277,0.245
Concordia,Louisiana,22029,0.11,0.104,0.112,0.095,0.579
Lafourche,Louisiana,22057,0.078,0.039,0.159,0.151,0.573
Houston,Minnesota,27055,0.072,0.08,0.086,0.283,0.478
Glasscock,Texas,48173,0.069,0.054,0.058,0.234,0.586
Calhoun,Michigan,26025,0.063,0.121,0.078,0.178,0.559
Emanuel,Georgia,13107,0.062,0.044,0.142,0.252,0.5
Lac qui Parle,Minnesota,27073,0.184,0.096,0.248,0.179,0.293
Marion,Tennessee,47115,0.115,0.122,0.135,0.247,0.381
Rio Arriba,New Mexico,35039,0.007,0.054,0.102,0.162,0.675
Tom Green,Texas,48451,0.007,0.038,0.071,0.271,0.613
Roberts,Texas,48393,0.16,0.074,0.133,0.205,0.427
Jefferson,Nebraska,31095,0.206,0.05,0.055,0.306,0.384
Lake,Tennessee,47095,0.133,0.143,0.166,0.201,0.357
Union,Georgia,13291,0.065,0.119,0.087,0.168,0.56
